[StationInfo]
Type=C
Name=ST. JOHNS RIVER ENTRANCE (BETWEEN JETTIES)
Latitude=30.400333
Longitude=-81.385833
[Constituents]
DatumControls.datum=-0.128000
DatumControls.FDir=262
DatumControls.EDir=82
DatumControls.L2Flag=0
DatumControls.HFlag=0
DatumControls.RotFlag=0
H=2.008000 0.236000 0.401000 0.210000 0.131000 0.173000 0.114000 0.019000 0.025000 0.035000 0.074000 0.000000 0.026000 0.053000 0.023000 0.069000 0.000000 0.012000 0.012000 0.000000 0.000000 0.000000 0.000000 0.000000 0.021000 0.033000 0.014000 0.002000 0.013000 0.076000 0.026000 0.028000 0.140000 0.032000 0.100000 0.027000 0.039000 0.000000 0.000000 0.000000 0.000000 0.000000 
kPrime=212.000000 229.500000 188.199997 80.599998 81.400002 103.199997 148.899994 261.000000 31.700001 81.599998 190.500000 0.000000 273.299988 164.399994 32.700001 253.300003 0.000000 91.900002 56.000000 0.000000 0.000000 0.000000 0.000000 0.000000 180.899994 90.699997 228.800003 230.199997 290.299988 89.400002 204.800003 332.500000 228.199997 291.899994 251.699997 72.500000 164.500000 0.000000 0.000000 0.000000 0.000000 0.000000 
[Offset]
MinBefFloodTime=0.100000 1
FloodTime=0.216667 1
MinBefEbbTime=-0.066667 1
EbbTime=0.116667 1
FloodSpdRatio=1.000000 1
EbbSpdRatio=1.200000 1
MinBFloodSpd=0.000000 0
MinBFloodDir=0.000000 0
MaxFloodSpd=2.000000 1
MaxFloodDir=262.000000 1
MinBEbbSpd=0.000000 0
MinBEbbDir=0.000000 0
MaxEbbSpd=2.100000 1
MaxEbbDir=81.000000 1
