[StationInfo]
Type=C
Name=QUONSET POINT
Latitude=41.583500
Longitude=-71.395667
[Constituents]
DatumControls.datum=-0.050000
DatumControls.FDir=21
DatumControls.EDir=200
DatumControls.L2Flag=0
DatumControls.HFlag=0
DatumControls.RotFlag=0
H=0.309000 0.065000 0.062000 0.015000 0.083000 0.016000 0.015000 0.007000 0.011000 0.035000 0.008000 0.003000 0.010000 0.012000 0.003000 0.012000 0.000000 0.001000 0.003000 0.000000 0.000000 0.000000 0.000000 0.000000 0.001000 0.004000 0.000000 0.000000 0.003000 0.004000 0.001000 0.007000 0.016000 0.008000 0.013000 0.004000 0.021000 0.000000 0.000000 0.000000 0.000000 0.000000 
kPrime=137.800003 156.000000 116.099998 20.600000 45.200001 46.099998 141.899994 66.599998 3.900000 349.100006 284.299988 132.800003 128.399994 121.300003 328.299988 145.699997 0.000000 110.400002 145.500000 0.000000 0.000000 0.000000 0.000000 0.000000 170.000000 1.500000 0.000000 0.000000 271.100006 24.200001 64.000000 88.300003 151.899994 71.400002 143.399994 183.399994 117.800003 0.000000 0.000000 0.000000 0.000000 0.000000 
[Offset]
MinBefFloodTime=0.000000 1
FloodTime=0.000000 1
MinBefEbbTime=0.000000 1
EbbTime=0.000000 1
FloodSpdRatio=1.000000 1
EbbSpdRatio=1.000000 1
MinBFloodSpd=0.000000 0
MinBFloodDir=0.000000 0
MaxFloodSpd=0.300000 1
MaxFloodDir=21.000000 1
MinBEbbSpd=0.000000 0
MinBEbbDir=0.000000 0
MaxEbbSpd=0.400000 1
MaxEbbDir=200.000000 1
