[StationInfo]
Type=C
Name=Longboat Pass
Latitude=27.441667
Longitude=-82.690000
[Constituents]
DatumControls.datum=0.037000
DatumControls.FDir=118
DatumControls.EDir=297
DatumControls.L2Flag=0
DatumControls.HFlag=0
DatumControls.RotFlag=0
H=1.045000 0.368000 0.187000 0.611000 0.043000 0.515000 0.000000 0.042000 0.020000 0.015000 0.036000 0.000000 0.040000 0.025000 0.022000 0.030000 0.078000 0.037000 0.030000 0.000000 0.000000 0.000000 0.000000 0.000000 0.020000 0.102000 0.022000 0.003000 0.013000 0.190000 0.030000 0.013000 0.051000 0.039000 0.146000 0.000000 0.027000 0.000000 0.000000 0.000000 0.000000 0.000000 
kPrime=337.600006 343.899994 333.899994 250.699997 14.400000 247.100006 0.000000 261.200012 281.000000 21.400000 351.399994 0.000000 205.199997 330.200012 254.199997 42.299999 329.000000 248.899994 248.899994 0.000000 0.000000 0.000000 0.000000 0.000000 245.600006 246.399994 344.100006 343.700012 243.600006 251.399994 256.000000 120.099998 3.200000 277.200012 345.899994 0.000000 0.400000 0.000000 0.000000 0.000000 0.000000 0.000000 
[Offset]
MinBefFloodTime=-2.533333 1
FloodTime=-2.700000 1
MinBefEbbTime=-1.850000 1
EbbTime=-1.933333 1
FloodSpdRatio=1.400000 1
EbbSpdRatio=1.200000 1
MinBFloodSpd=0.000000 0
MinBFloodDir=0.000000 0
MaxFloodSpd=1.800000 1
MaxFloodDir=88.000000 1
MinBEbbSpd=0.000000 0
MinBEbbDir=0.000000 0
MaxEbbSpd=1.600000 1
MaxEbbDir=267.000000 1
