[StationInfo]
Type=H
Name=APRA HARBOR, GUAM
Latitude=13.441667
Longitude=144.653333
[Constituents]
DatumControls.datum=1.375000
DatumControls.FDir=0
DatumControls.EDir=0
DatumControls.L2Flag=0
DatumControls.HFlag=0
DatumControls.RotFlag=0
H=0.760000 0.194000 0.159000 0.568000 0.016000 0.400000 0.000000 0.000000 0.000000 0.000000 0.036000 0.000000 0.016000 0.020000 0.022000 0.005000 0.011000 0.025000 0.035000 0.000000 0.000000 0.000000 0.000000 0.032000 0.015000 0.081000 0.018000 0.001000 0.011000 0.184000 0.000000 0.000000 0.023000 0.000000 0.053000 0.000000 0.012000 0.000000 0.000000 0.000000 0.000000 0.000000 
kPrime=220.800003 251.100006 200.699997 215.600006 11.300000 183.699997 0.000000 0.000000 0.000000 0.000000 201.600006 0.000000 213.699997 170.300003 253.699997 234.800003 11.400000 224.100006 240.100006 0.000000 0.000000 0.000000 0.000000 24.100000 164.100006 168.199997 224.899994 252.300003 152.100006 213.800003 0.000000 0.000000 262.000000 0.000000 249.399994 0.000000 72.800003 0.000000 0.000000 0.000000 0.000000 0.000000 
[Offset]
HighTime=0.000000 1
LowTime=0.000000 1
HighHeight_Mult=1.000000 1
HighHeight_Add=0.000000 1
LowHeight_Mult=1.000000 1
LowHeight_Add=0.000000 1
