[StationInfo]
Type=C
Name=Wells Passage, north of Point Culross
Latitude=60.772833
Longitude=-148.140000
[Constituents]
DatumControls.datum=0.434000
DatumControls.FDir=59
DatumControls.EDir=241
DatumControls.L2Flag=0
DatumControls.HFlag=0
DatumControls.RotFlag=0
H=5.506000 1.638000 1.118000 0.186000 0.353000 0.091000 0.323000 0.000000 0.028000 0.000000 0.217000 0.017000 0.000000 0.149000 0.004000 0.039000 0.000000 0.006000 0.007000 0.000000 0.000000 0.000000 0.000000 0.000000 0.003000 0.018000 0.097000 0.013000 0.002000 0.062000 0.000000 0.000000 0.160000 0.000000 0.445000 0.023000 0.000000 0.000000 0.000000 0.000000 0.000000 0.000000 
kPrime=227.300003 248.800003 209.899994 354.000000 78.599998 354.399994 179.600006 0.000000 55.299999 0.000000 212.199997 240.899994 0.000000 192.600006 353.700012 237.300003 0.000000 354.200012 353.899994 0.000000 0.000000 0.000000 0.000000 0.000000 354.500000 354.500000 248.000000 249.699997 354.700012 354.100006 0.000000 0.000000 200.100006 0.000000 250.600006 40.000000 0.000000 0.000000 0.000000 0.000000 0.000000 0.000000 
[Offset]
MinBefFloodTime=2.483333 1
FloodTime=2.516667 1
MinBefEbbTime=3.000000 1
EbbTime=3.316667 1
FloodSpdRatio=0.100000 1
EbbSpdRatio=0.100000 1
MinBFloodSpd=0.000000 0
MinBFloodDir=0.000000 0
MaxFloodSpd=0.300000 1
MaxFloodDir=266.000000 1
MinBEbbSpd=0.000000 0
MinBEbbDir=0.000000 0
MaxEbbSpd=0.300000 1
MaxEbbDir=106.000000 1
