[StationInfo]
Type=H
Name=Waikane, Kaneohe Bay
Latitude=21.500000
Longitude=-157.850000
[Constituents]
DatumControls.datum=1.051000
DatumControls.FDir=0
DatumControls.EDir=0
DatumControls.L2Flag=0
DatumControls.HFlag=0
DatumControls.RotFlag=0
H=0.528000 0.264000 0.108000 0.580000 0.000000 0.327000 0.000000 0.000000 0.000000 0.000000 0.020000 0.000000 0.023000 0.013000 0.023000 0.004000 0.000000 0.021000 0.034000 0.000000 0.000000 0.000000 0.000000 0.000000 0.011000 0.052000 0.019000 0.002000 0.009000 0.178000 0.000000 0.000000 0.015000 0.000000 0.076000 0.000000 0.000000 0.000000 0.000000 0.000000 0.000000 0.000000 
kPrime=84.099998 75.500000 85.500000 86.000000 0.000000 87.800003 0.000000 0.000000 0.000000 0.000000 99.400002 0.000000 60.099998 79.800003 105.300003 80.099998 0.000000 113.800003 97.300003 0.000000 0.000000 0.000000 0.000000 0.000000 97.099998 87.000000 96.800003 75.199997 89.599998 83.300003 0.000000 0.000000 72.800003 0.000000 65.199997 0.000000 0.000000 0.000000 0.000000 0.000000 0.000000 0.000000 
[Offset]
HighTime=-0.366667 1
LowTime=-0.066667 1
HighHeight_Mult=1.130000 1
HighHeight_Add=0.000000 1
LowHeight_Mult=1.000000 1
LowHeight_Add=0.000000 1
