[StationInfo]
Type=C
Name=Beardslee Island, West of, Glacier Bay
Latitude=58.466667
Longitude=-136.033333
[Constituents]
DatumControls.datum=-1.400000
DatumControls.FDir=75
DatumControls.EDir=260
DatumControls.L2Flag=0
DatumControls.HFlag=0
DatumControls.RotFlag=0
H=3.704000 1.258000 0.695000 0.530000 0.342000 0.304000 0.030000 0.000000 0.000000 0.000000 0.135000 0.000000 0.106000 0.092000 0.013000 0.026000 0.000000 0.022000 0.024000 0.000000 0.000000 0.000000 0.000000 0.000000 0.012000 0.059000 0.074000 0.010000 0.000000 0.150000 0.000000 0.000000 0.051000 0.000000 0.204000 0.000000 0.000000 0.000000 0.000000 0.000000 0.000000 0.000000 
kPrime=291.399994 315.799988 263.700012 38.700001 322.100006 30.000000 311.600006 0.000000 0.000000 0.000000 267.299988 0.000000 195.899994 235.800003 47.400002 302.700012 0.000000 34.299999 43.099998 0.000000 0.000000 0.000000 0.000000 0.000000 26.200001 25.700001 316.100006 315.399994 0.000000 32.500000 0.000000 0.000000 4.300000 0.000000 329.799988 0.000000 0.000000 0.000000 0.000000 0.000000 0.000000 0.000000 
[Offset]
MinBefFloodTime=-0.333333 1
FloodTime=0.000000 1
MinBefEbbTime=1.500000 1
EbbTime=1.200000 1
FloodSpdRatio=1.800000 1
EbbSpdRatio=1.000000 1
MinBFloodSpd=0.000000 0
MinBFloodDir=0.000000 0
MaxFloodSpd=5.300000 1
MaxFloodDir=343.000000 1
MinBEbbSpd=0.000000 0
MinBEbbDir=0.000000 0
MaxEbbSpd=5.100000 1
MaxEbbDir=158.000000 1
