[StationInfo]
Type=C
Name=Furber Strait
Latitude=43.091167
Longitude=-70.861333
[Constituents]
DatumControls.datum=-0.125000
DatumControls.FDir=342
DatumControls.EDir=194
DatumControls.L2Flag=0
DatumControls.HFlag=0
DatumControls.RotFlag=0
H=1.256000 0.126000 0.236000 0.084000 0.095000 0.069000 0.160000 0.019000 0.004000 0.031000 0.000000 0.002000 0.000000 0.015000 0.002000 0.000000 0.000000 0.003000 0.002000 0.000000 0.000000 0.000000 0.000000 0.000000 0.000000 0.017000 0.000000 0.000000 0.002000 0.027000 0.002000 0.004000 0.119000 0.018000 0.028000 0.025000 0.009000 0.000000 0.000000 0.000000 0.000000 0.000000 
kPrime=279.399994 313.200012 234.300003 67.699997 46.700001 54.599998 0.100000 318.799988 53.200001 355.600006 0.000000 162.699997 0.000000 235.800003 69.900002 0.000000 0.000000 83.199997 143.800003 0.000000 0.000000 0.000000 0.000000 0.000000 0.000000 27.700001 0.000000 0.000000 198.000000 79.400002 249.899994 176.100006 320.100006 316.399994 313.799988 129.699997 21.000000 0.000000 0.000000 0.000000 0.000000 0.000000 
[Offset]
MinBefFloodTime=0.500000 1
FloodTime=1.166667 1
MinBefEbbTime=0.400000 1
EbbTime=1.083333 1
FloodSpdRatio=1.800000 1
EbbSpdRatio=1.400000 1
MinBFloodSpd=0.100000 1
MinBFloodDir=289.000000 1
MaxFloodSpd=2.000000 1
MaxFloodDir=201.000000 1
MinBEbbSpd=0.100000 1
MinBEbbDir=288.000000 1
MaxEbbSpd=2.100000 1
MaxEbbDir=15.000000 1
