[StationInfo]
Type=C
Name=Sachem Head, 1 mile SSE of
Latitude=41.227500
Longitude=-72.705000
[Constituents]
DatumControls.datum=-0.105000
DatumControls.FDir=302
DatumControls.EDir=112
DatumControls.L2Flag=0
DatumControls.HFlag=0
DatumControls.RotFlag=0
H=2.758000 0.505000 0.563000 0.180000 0.067000 0.105000 0.066000 0.000000 0.000000 0.000000 0.109000 0.000000 0.000000 0.075000 0.005000 0.019000 0.000000 0.007000 0.008000 0.000000 0.000000 0.000000 0.000000 0.000000 0.004000 0.020000 0.030000 0.004000 0.003000 0.060000 0.000000 0.000000 0.077000 0.000000 0.137000 0.011000 0.000000 0.000000 0.000000 0.000000 0.000000 0.000000 
kPrime=241.899994 257.899994 220.100006 34.000000 329.100006 60.400002 294.000000 0.000000 0.000000 0.000000 223.100006 0.000000 0.000000 198.300003 7.500000 249.300003 0.000000 47.200001 20.700001 0.000000 0.000000 0.000000 0.000000 0.000000 71.800003 73.699997 258.100006 257.700012 86.900002 34.400002 0.000000 0.000000 263.700012 0.000000 257.500000 133.199997 0.000000 0.000000 0.000000 0.000000 0.000000 0.000000 
[Offset]
MinBefFloodTime=-0.283333 1
FloodTime=-0.250000 1
MinBefEbbTime=-0.433333 1
EbbTime=-1.216667 1
FloodSpdRatio=0.400000 1
EbbSpdRatio=0.300000 1
MinBFloodSpd=0.000000 1
MinBFloodDir=0.000000 0
MaxFloodSpd=1.100000 1
MaxFloodDir=255.000000 1
MinBEbbSpd=0.000000 1
MinBEbbDir=0.000000 0
MaxEbbSpd=1.000000 1
MaxEbbDir=65.000000 1
