[StationInfo]
Type=C
Name=Portland Hbr. ent., SW of Cushing Island
Latitude=43.631667
Longitude=-70.211667
[Constituents]
DatumControls.datum=-0.300000
DatumControls.FDir=355
DatumControls.EDir=195
DatumControls.L2Flag=0
DatumControls.HFlag=0
DatumControls.RotFlag=0
H=1.468000 0.239000 0.320000 0.140000 0.100000 0.047000 0.164000 0.000000 0.000000 0.000000 0.062000 0.000000 0.000000 0.043000 0.000000 0.000000 0.000000 0.000000 0.000000 0.000000 0.000000 0.000000 0.000000 0.000000 0.000000 0.000000 0.014000 0.000000 0.000000 0.047000 0.000000 0.000000 0.041000 0.000000 0.065000 0.000000 0.000000 0.000000 0.000000 0.000000 0.000000 0.000000 
kPrime=280.899994 310.600006 251.600006 84.099998 57.400002 61.700001 8.600000 0.000000 0.000000 0.000000 255.500000 0.000000 0.000000 222.300003 0.000000 0.000000 0.000000 0.000000 0.000000 0.000000 0.000000 0.000000 0.000000 0.000000 0.000000 0.000000 310.799988 0.000000 0.000000 84.500000 0.000000 0.000000 310.200012 0.000000 310.200012 0.000000 0.000000 0.000000 0.000000 0.000000 0.000000 0.000000 
[Offset]
MinBefFloodTime=-1.716667 1
FloodTime=-1.183333 1
MinBefEbbTime=-1.333333 1
EbbTime=-0.966667 1
FloodSpdRatio=0.800000 1
EbbSpdRatio=0.600000 1
MinBFloodSpd=0.000000 0
MinBFloodDir=0.000000 0
MaxFloodSpd=1.000000 1
MaxFloodDir=322.000000 1
MinBEbbSpd=0.000000 0
MinBEbbDir=0.000000 0
MaxEbbSpd=1.100000 1
MaxEbbDir=154.000000 1
