[StationInfo]
Type=C
Name=Point Allerton, 0.8 n.mi. NNW of
Latitude=42.321333
Longitude=-70.887500
[Constituents]
DatumControls.datum=-0.280000
DatumControls.FDir=254
DatumControls.EDir=111
DatumControls.L2Flag=0
DatumControls.HFlag=0
DatumControls.RotFlag=1
H=0.175000 0.020000 0.057000 0.019000 0.111000 0.010000 0.071000 0.000000 0.000000 0.000000 0.026000 0.000000 0.000000 0.000000 0.000000 0.014000 0.000000 0.000000 0.000000 0.000000 0.000000 0.000000 0.000000 0.000000 0.000000 0.000000 0.019000 0.000000 0.000000 0.000000 0.000000 0.000000 0.038000 0.000000 0.028000 0.038000 0.000000 0.000000 0.000000 0.000000 0.000000 0.000000 1.163000 0.183000 0.223000 0.063000 0.144000 0.026000 0.097000 0.000000 0.000000 0.000000 0.076000 0.000000 0.000000 0.000000 0.000000 0.026000 0.000000 0.000000 0.000000 0.000000 0.000000 0.000000 0.000000 0.000000 0.000000 0.000000 0.037000 0.000000 0.000000 0.000000 0.000000 0.000000 0.112000 0.000000 0.052000 0.046000 0.000000 0.000000 0.000000 0.000000 0.000000 0.000000 
kPrime=175.100006 130.399994 168.500000 300.500000 292.200012 358.399994 106.400002 0.000000 0.000000 0.000000 340.600006 0.000000 0.000000 0.000000 0.000000 317.100006 0.000000 0.000000 0.000000 0.000000 0.000000 0.000000 0.000000 0.000000 0.000000 0.000000 78.599998 0.000000 0.000000 0.000000 0.000000 0.000000 135.399994 0.000000 146.000000 175.100006 0.000000 0.000000 0.000000 0.000000 0.000000 0.000000 51.000000 73.300003 21.400000 215.300003 224.600006 218.600006 311.200012 0.000000 0.000000 0.000000 55.000000 0.000000 0.000000 0.000000 0.000000 122.500000 0.000000 0.000000 0.000000 0.000000 0.000000 0.000000 0.000000 0.000000 0.000000 0.000000 39.400002 0.000000 0.000000 0.000000 0.000000 0.000000 110.500000 0.000000 92.800003 131.100006 0.000000 0.000000 0.000000 0.000000 0.000000 0.000000 
[Offset]
MinBefFloodTime=0.416667 1
FloodTime=0.050000 1
MinBefEbbTime=0.766667 1
EbbTime=-0.083333 1
FloodSpdRatio=1.000000 1
EbbSpdRatio=1.100000 1
MinBFloodSpd=0.000000 0
MinBFloodDir=0.000000 0
MaxFloodSpd=1.100000 1
MaxFloodDir=270.000000 1
MinBEbbSpd=0.100000 1
MinBEbbDir=5.000000 1
MaxEbbSpd=1.400000 1
MaxEbbDir=86.000000 1
