[StationInfo]
Type=C
Name=Turning Basin
Latitude=26.095000
Longitude=-80.117500
[Constituents]
DatumControls.datum=0.000000
DatumControls.FDir=293
DatumControls.EDir=112
DatumControls.L2Flag=0
DatumControls.HFlag=0
DatumControls.RotFlag=1
H=0.681000 0.135000 0.167000 0.053000 0.064000 0.029000 0.041000 0.000000 0.008000 0.000000 0.032000 0.006000 0.000000 0.022000 0.001000 0.005000 0.000000 0.002000 0.002000 0.000000 0.000000 0.000000 0.000000 0.000000 0.001000 0.006000 0.008000 0.001000 0.001000 0.018000 0.000000 0.000000 0.024000 0.000000 0.037000 0.018000 0.000000 0.000000 0.000000 0.000000 0.000000 0.000000 1.564000 0.292000 0.297000 0.110000 0.119000 0.093000 0.152000 0.000000 0.023000 0.000000 0.058000 0.017000 0.000000 0.040000 0.004000 0.011000 0.000000 0.007000 0.007000 0.000000 0.000000 0.000000 0.000000 0.000000 0.004000 0.018000 0.017000 0.002000 0.002000 0.036000 0.000000 0.000000 0.042000 0.000000 0.079000 0.028000 0.000000 0.000000 0.000000 0.000000 0.000000 0.000000 
kPrime=189.600006 218.699997 179.399994 105.900002 2.200000 139.300003 22.700001 0.000000 310.700012 0.000000 180.699997 177.000000 0.000000 169.199997 72.599998 203.100006 0.000000 122.599998 89.400002 0.000000 0.000000 0.000000 0.000000 0.000000 153.699997 155.899994 217.600006 220.000000 172.399994 108.500000 0.000000 0.000000 173.899994 0.000000 221.199997 200.000000 0.000000 0.000000 0.000000 0.000000 0.000000 0.000000 10.400000 41.400002 353.700012 283.899994 176.000000 323.000000 204.500000 0.000000 162.500000 0.000000 356.000000 68.199997 0.000000 337.200012 244.699997 24.700001 0.000000 303.399994 264.500000 0.000000 0.000000 0.000000 0.000000 0.000000 339.799988 342.399994 40.099998 42.599998 1.800000 286.799988 0.000000 0.000000 348.200012 0.000000 43.900002 23.500000 0.000000 0.000000 0.000000 0.000000 0.000000 0.000000 
[Offset]
MinBefFloodTime=-1.016667 1
FloodTime=-1.116667 1
MinBefEbbTime=-1.033333 1
EbbTime=-1.183333 1
FloodSpdRatio=0.100000 1
EbbSpdRatio=0.300000 1
MinBFloodSpd=0.000000 0
MinBFloodDir=0.000000 0
MaxFloodSpd=0.200000 1
MaxFloodDir=320.000000 1
MinBEbbSpd=0.000000 0
MinBEbbDir=0.000000 0
MaxEbbSpd=0.500000 1
MaxEbbDir=155.000000 1
