[StationInfo]
Type=C
Name=Cape Henlopen, 0.7 n.mi. ESE of
Latitude=38.799500
Longitude=-75.081667
[Constituents]
DatumControls.datum=0.000000
DatumControls.FDir=327
DatumControls.EDir=147
DatumControls.L2Flag=1
DatumControls.HFlag=0
DatumControls.RotFlag=2
H=1.300000 0.214000 0.307000 0.138000 0.058000 0.111000 0.016000 0.019000 0.000000 0.043000 0.052000 0.004000 0.039000 0.047000 0.008000 0.031000 0.000000 0.010000 0.008000 0.000000 0.000000 0.000000 0.000000 0.000000 0.010000 0.012000 0.000000 0.000000 0.002000 0.039000 0.006000 0.012000 0.076000 0.019000 0.062000 0.016000 0.010000 0.000000 0.000000 0.000000 0.000000 0.000000 0.156000 0.006000 0.025000 0.014000 0.064000 0.012000 0.043000 0.019000 0.000000 0.019000 0.004000 0.006000 0.014000 0.010000 0.002000 0.002000 0.000000 0.004000 0.004000 0.000000 0.000000 0.000000 0.000000 0.000000 0.008000 0.004000 0.000000 0.000000 0.006000 0.010000 0.006000 0.010000 0.017000 0.021000 0.012000 0.012000 0.008000 0.000000 0.000000 0.000000 0.000000 0.000000 
kPrime=197.500000 224.899994 186.199997 62.700001 342.500000 52.400002 294.399994 186.100006 0.000000 319.200012 175.399994 38.200001 222.800003 167.600006 103.099998 232.800003 0.000000 68.900002 312.399994 0.000000 0.000000 0.000000 0.000000 0.000000 43.700001 70.699997 0.000000 0.000000 159.000000 43.299999 324.500000 158.399994 16.500000 177.699997 230.800003 357.700012 348.700012 0.000000 0.000000 0.000000 0.000000 0.000000 95.500000 34.099998 91.599998 272.399994 336.899994 256.500000 58.200001 138.699997 0.000000 351.899994 57.400002 92.699997 249.699997 218.899994 38.900002 33.700001 0.000000 15.000000 218.800003 0.000000 0.000000 0.000000 0.000000 0.000000 30.700001 99.199997 0.000000 0.000000 132.399994 236.199997 26.700001 79.599998 304.399994 128.600006 94.900002 57.900002 279.100006 0.000000 0.000000 0.000000 0.000000 0.000000 
[Offset]
MinBefFloodTime=-0.083333 1
FloodTime=0.116667 1
MinBefEbbTime=-0.666667 1
EbbTime=-0.050000 1
FloodSpdRatio=1.300000 1
EbbSpdRatio=1.800000 1
MinBFloodSpd=0.000000 0
MinBFloodDir=0.000000 0
MaxFloodSpd=1.800000 1
MaxFloodDir=331.000000 1
MinBEbbSpd=0.000000 0
MinBEbbDir=0.000000 0
MaxEbbSpd=2.400000 1
MaxEbbDir=139.000000 1
