[StationInfo]
Type=C
Name=GEORGE WASHINGTON BRIDGE
Latitude=40.849500
Longitude=-73.949833
[Constituents]
DatumControls.datum=-0.237000
DatumControls.FDir=10
DatumControls.EDir=203
DatumControls.L2Flag=0
DatumControls.HFlag=0
DatumControls.RotFlag=0
H=2.057000 0.349000 0.489000 0.363000 0.126000 0.210000 0.092000 0.031000 0.034000 0.044000 0.000000 0.005000 0.000000 0.023000 0.005000 0.000000 0.000000 0.007000 0.024000 0.000000 0.000000 0.000000 0.000000 0.000000 0.000000 0.060000 0.000000 0.000000 0.026000 0.098000 0.012000 0.020000 0.191000 0.029000 0.093000 0.020000 0.068000 0.000000 0.000000 0.000000 0.000000 0.000000 
kPrime=249.199997 259.100006 227.300003 93.900002 333.700012 81.000000 146.699997 246.399994 86.699997 359.000000 0.000000 338.700012 0.000000 208.899994 33.200001 0.000000 0.000000 127.599998 239.600006 0.000000 0.000000 0.000000 0.000000 0.000000 0.000000 76.099998 0.000000 0.000000 162.100006 78.900002 23.000000 253.300003 305.299988 242.800003 278.000000 255.600006 340.399994 0.000000 0.000000 0.000000 0.000000 0.000000 
[Offset]
MinBefFloodTime=0.000000 1
FloodTime=0.000000 1
MinBefEbbTime=0.000000 1
EbbTime=0.000000 1
FloodSpdRatio=1.000000 1
EbbSpdRatio=1.000000 1
MinBFloodSpd=0.300000 1
MinBFloodDir=288.000000 1
MaxFloodSpd=1.800000 1
MaxFloodDir=10.000000 1
MinBEbbSpd=0.100000 1
MinBEbbDir=289.000000 1
MaxEbbSpd=2.500000 1
MaxEbbDir=203.000000 1

