[StationInfo]
Type=C
Name=HELL GATE (OFF MILL ROCK)
Latitude=40.778333
Longitude=-73.938333
[Constituents]
DatumControls.datum=-0.600000
DatumControls.FDir=50
DatumControls.EDir=230
DatumControls.L2Flag=0
DatumControls.HFlag=1
DatumControls.RotFlag=0
H=15.689000 2.795000 3.231000 0.257000 0.567000 0.500000 0.475000 0.000000 0.000000 0.000000 0.422000 0.000000 0.370000 0.419000 0.000000 0.176000 0.000000 0.035000 0.039000 0.000000 0.560000 0.387000 0.000000 0.000000 0.000000 0.127000 0.165000 0.000000 0.000000 0.180000 0.000000 0.000000 1.302000 0.000000 0.732000 0.000000 0.000000 0.000000 0.000000 0.000000 0.000000 0.000000 
kPrime=198.300003 220.399994 180.500000 19.900000 106.599998 36.200001 111.000000 0.000000 0.000000 0.000000 202.699997 0.000000 187.000000 159.699997 0.000000 192.000000 0.000000 28.100000 11.800000 0.000000 7.600000 151.199997 0.000000 0.000000 0.000000 50.000000 220.600006 0.000000 0.000000 52.900002 0.000000 0.000000 220.100006 0.000000 229.000000 0.000000 0.000000 0.000000 0.000000 0.000000 0.000000 0.000000 
[Offset]
MinBefFloodTime=0.000000 1
FloodTime=0.000000 1
MinBefEbbTime=0.000000 1
EbbTime=0.000000 1
FloodSpdRatio=1.000000 1
EbbSpdRatio=1.000000 1
MinBFloodSpd=0.000000 0
MinBFloodDir=0.000000 0
MaxFloodSpd=3.400000 1
MaxFloodDir=50.000000 1
MinBEbbSpd=0.000000 0
MinBEbbDir=0.000000 0
MaxEbbSpd=4.600000 1
MaxEbbDir=230.000000 1

