[StationInfo]
Type=C
Name=South Reach, Newark Bay
Latitude=40.656000
Longitude=-74.137333
[Constituents]
DatumControls.datum=-0.162000
DatumControls.FDir=336
DatumControls.EDir=164
DatumControls.L2Flag=0
DatumControls.HFlag=0
DatumControls.RotFlag=0
H=1.646000 0.283000 0.354000 0.142000 0.022000 0.086000 0.033000 0.012000 0.024000 0.016000 0.214000 0.006000 0.031000 0.030000 0.011000 0.016000 0.000000 0.006000 0.010000 0.000000 0.000000 0.000000 0.000000 0.000000 0.005000 0.015000 0.000000 0.000000 0.008000 0.040000 0.026000 0.031000 0.201000 0.040000 0.093000 0.022000 0.031000 0.000000 0.000000 0.000000 0.000000 0.000000 
kPrime=202.100006 202.899994 179.600006 62.299999 71.000000 58.599998 82.099998 201.100006 40.900002 32.500000 222.600006 118.000000 65.099998 16.100000 214.199997 27.100000 0.000000 103.000000 307.799988 0.000000 0.000000 0.000000 0.000000 0.000000 68.400002 94.599998 0.000000 0.000000 54.000000 63.900002 176.899994 157.800003 271.899994 210.100006 238.800003 312.600006 227.100006 0.000000 0.000000 0.000000 0.000000 0.000000 
[Offset]
MinBefFloodTime=-0.766667 1
FloodTime=-1.766667 1
MinBefEbbTime=-0.983333 1
EbbTime=-1.216667 1
FloodSpdRatio=0.400000 1
EbbSpdRatio=0.400000 1
MinBFloodSpd=0.000000 0
MinBFloodDir=0.000000 0
MaxFloodSpd=0.700000 1
MaxFloodDir=31.000000 1
MinBEbbSpd=0.000000 1
MinBEbbDir=296.000000 1
MaxEbbSpd=0.700000 1
MaxEbbDir=218.000000 1

