[StationInfo]
Type=C
Name=MOBILE BAY ENTRANCE (OFF MOBILE POINT)
Latitude=30.226667
Longitude=-88.035000
[Constituents]
DatumControls.datum=0.000000
DatumControls.FDir=25
DatumControls.EDir=190
DatumControls.L2Flag=0
DatumControls.HFlag=0
DatumControls.RotFlag=0
H=0.080000 0.045000 0.031000 1.110000 0.000000 1.148000 0.000000 0.000000 0.000000 0.000000 0.000000 0.000000 0.000000 0.000000 0.050000 0.000000 0.000000 0.081000 0.090000 0.000000 0.000000 0.000000 0.000000 0.000000 0.044000 0.223000 0.000000 0.000000 0.030000 0.367000 0.000000 0.000000 0.000000 0.000000 0.012000 0.000000 0.000000 0.000000 0.000000 0.000000 0.000000 0.000000 
kPrime=284.500000 251.899994 148.899994 258.000000 0.000000 240.800003 0.000000 0.000000 0.000000 0.000000 0.000000 0.000000 0.000000 0.000000 275.200012 0.000000 0.000000 249.399994 266.600006 0.000000 0.000000 0.000000 0.000000 0.000000 233.399994 232.199997 0.000000 0.000000 223.500000 258.500000 0.000000 0.000000 0.000000 0.000000 251.399994 0.000000 0.000000 0.000000 0.000000 0.000000 0.000000 0.000000 
[Offset]
MinBefFloodTime=0.000000 1
FloodTime=0.000000 1
MinBefEbbTime=0.000000 1
EbbTime=0.000000 1
FloodSpdRatio=1.000000 1
EbbSpdRatio=1.000000 1
MinBFloodSpd=0.000000 0
MinBFloodDir=0.000000 0
MaxFloodSpd=1.400000 1
MaxFloodDir=27.000000 1
MinBEbbSpd=0.000000 0
MinBEbbDir=0.000000 0
MaxEbbSpd=1.500000 1
MaxEbbDir=190.000000 1
