[StationInfo]
Type=C
Name=SAN DIEGO BAY ENTRANCE
Latitude=32.681667
Longitude=-117.230000
[Constituents]
DatumControls.datum=-0.090000
DatumControls.FDir=355
DatumControls.EDir=175
DatumControls.L2Flag=0
DatumControls.HFlag=0
DatumControls.RotFlag=0
H=1.280000 0.555000 0.290000 0.407000 0.054000 0.252000 0.000000 0.000000 0.000000 0.000000 0.056000 0.000000 0.000000 0.039000 0.011000 0.000000 0.000000 0.018000 0.020000 0.000000 0.000000 0.000000 0.000000 0.000000 0.000000 0.049000 0.033000 0.000000 0.000000 0.135000 0.000000 0.000000 0.036000 0.000000 0.151000 0.000000 0.000000 0.000000 0.000000 0.000000 0.000000 0.000000 
kPrime=198.000000 183.600006 182.699997 11.400000 179.100006 359.500000 0.000000 0.000000 0.000000 0.000000 184.800003 0.000000 0.000000 167.500000 23.299999 0.000000 0.000000 5.500000 17.400000 0.000000 0.000000 0.000000 0.000000 0.000000 0.000000 353.399994 183.899994 0.000000 0.000000 12.100000 0.000000 0.000000 213.199997 0.000000 182.899994 0.000000 0.000000 0.000000 0.000000 0.000000 0.000000 0.000000 
[Offset]
MinBefFloodTime=0.000000 1
FloodTime=0.000000 1
MinBefEbbTime=0.000000 1
EbbTime=0.000000 1
FloodSpdRatio=1.000000 1
EbbSpdRatio=1.000000 1
MinBFloodSpd=0.000000 0
MinBFloodDir=0.000000 0
MaxFloodSpd=1.200000 1
MaxFloodDir=355.000000 1
MinBEbbSpd=0.000000 0
MinBEbbDir=0.000000 0
MaxEbbSpd=1.500000 1
MaxEbbDir=173.000000 1
