[StationInfo]
Type=H
Name=SAN JUAN
Latitude=18.458333
Longitude=-66.116667
[Constituents]
DatumControls.datum=0.768000
DatumControls.FDir=0
DatumControls.EDir=0
DatumControls.L2Flag=0
DatumControls.HFlag=0
DatumControls.RotFlag=0
H=0.523000 0.068000 0.123000 0.294000 0.000000 0.253000 0.000000 0.000000 0.000000 0.000000 0.027000 0.000000 0.016000 0.017000 0.014000 0.004000 0.018000 0.016000 0.019000 0.024000 0.068000 0.179000 0.000000 0.046000 0.009000 0.046000 0.004000 0.001000 0.006000 0.094000 0.000000 0.000000 0.017000 0.000000 0.021000 0.000000 0.000000 0.000000 0.000000 0.000000 0.000000 0.000000 
kPrime=264.299988 286.600006 246.800003 167.800003 0.000000 171.600006 0.000000 0.000000 0.000000 0.000000 244.800003 0.000000 269.500000 236.199997 160.899994 274.600006 84.400002 203.199997 157.899994 332.899994 36.799999 186.800003 0.000000 348.500000 173.300003 159.100006 285.700012 287.600006 175.500000 170.199997 0.000000 0.000000 253.500000 0.000000 286.600006 0.000000 0.000000 0.000000 0.000000 0.000000 0.000000 0.000000 
[Offset]
HighTime=0.000000 1
LowTime=0.000000 1
HighHeight_Mult=1.000000 1
HighHeight_Add=0.000000 1
LowHeight_Mult=1.000000 1
LowHeight_Add=0.000000 1
