[StationInfo]
Type=C
Name=ESTES HEAD, EASTPORT
Latitude=44.888000
Longitude=-66.995667
[Constituents]
DatumControls.datum=-0.055000
DatumControls.FDir=263
DatumControls.EDir=88
DatumControls.L2Flag=0
DatumControls.HFlag=0
DatumControls.RotFlag=0
H=2.376000 0.344000 0.465000 0.082000 0.080000 0.055000 0.191000 0.011000 0.000000 0.033000 0.121000 0.005000 0.038000 0.088000 0.000000 0.046000 0.000000 0.000000 0.007000 0.000000 0.000000 0.000000 0.000000 0.000000 0.000000 0.010000 0.000000 0.000000 0.007000 0.023000 0.003000 0.005000 0.129000 0.008000 0.097000 0.058000 0.011000 0.000000 0.000000 0.000000 0.000000 0.000000 
kPrime=243.600006 279.500000 216.399994 48.200001 28.700001 31.799999 163.500000 91.099998 0.000000 333.500000 216.800003 314.200012 328.700012 190.399994 0.000000 248.500000 0.000000 0.000000 53.599998 0.000000 0.000000 0.000000 0.000000 0.000000 0.000000 354.700012 0.000000 0.000000 0.100000 38.500000 113.199997 333.000000 278.700012 88.699997 276.799988 73.900002 56.500000 0.000000 0.000000 0.000000 0.000000 0.000000 
[Offset]
MinBefFloodTime=0.000000 1
FloodTime=0.000000 1
MinBefEbbTime=0.000000 1
EbbTime=-0.066667 1
FloodSpdRatio=1.000000 1
EbbSpdRatio=1.100000 1
MinBFloodSpd=0.100000 1
MinBFloodDir=174.000000 1
MaxFloodSpd=2.300000 1
MaxFloodDir=260.000000 1
MinBEbbSpd=0.000000 0
MinBEbbDir=0.000000 0
MaxEbbSpd=2.600000 1
MaxEbbDir=90.000000 1
