0.975	167.7
1.000	000.0
0.975	072.3
1.085	016.2
0.950	335.4
1.137	149.1
0.926	143.0
1.057	183.9
1.000	000.0
0.950	240.0
0.975	069.2
1.000	000.0
0.975	333.8
0.975	336.9
1.548	068.2
0.975	086.2
1.000	180.0
1.580	323.6
1.128	114.0
0.911	095.4
1.000	200.8
1.000	280.4
0.975	192.3
1.327	049.6
1.137	050.6
1.137	053.7
1.000	003.0
1.000	177.0
1.137	318.3
1.000	349.6
0.975	192.3
0.962	071.5
1.092	101.0
1.031	319.1
1.219	213.0
0.903	310.7
0.975	167.7
1.293	308.5
0.975	178.1
1.109	280.1
1.137	190.1
1.137	210.9
0.950	095.4
0.950	240.0
1.137	138.6
1.188	020.7
0.950	144.6
1.037	341.0
1.037	076.4
1.188	045.4
1.412	269.3
1.297	121.8
1.449	233.8
1.158	051.6
1.412	161.5
1.137	149.1
1.085	016.2
1.109	221.3
1.188	020.7
0.975	072.3
1.037	076.4
0.926	143.0
1.064	268.7
0.950	144.6
1.092	101.0
1.081	029.0
1.081	124.4
1.031	351.6
1.057	183.9
1.289	037.0
0.950	324.9
0.926	153.5
1.031	256.2
0.975	167.7
0.926	047.6
0.950	240.0
0.950	335.4
1.011	053.3
0.926	312.2
1.064	268.7
1.037	076.4
1.188	020.7
1.011	148.7
1.011	244.1
1.158	188.4
1.053	196.7
1.005	328.5
1.081	124.4
1.351	169.8
0.926	047.6
0.926	143.0
0.950	335.4
0.903	119.9
0.903	215.3
1.037	076.4
0.986	051.8
1.011	244.1
1.129	356.1
1.158	188.4
0.979	136.2
0.979	231.5
0.979	327.0
1.005	159.3
0.880	023.0
0.880	118.4
0.903	215.3
0.903	310.7
1.011	244.1
0.926	143.0
0.979	327.0
0.880	023.0
0.880	118.4
0.986	051.8
0.903	310.7
1.000	352.6
1.000	007.4
1.000	211.3
1.109	117.1
1.224	130.3
1.293	202.7
1.109	316.7
1.219	213.0
1.338	243.4
1.403	281.9
1.158	357.6
1.158	093.0
1.449	138.4
1.158	093.0
