0.985	268.8
1.000	000.0
0.985	084.7
1.058	017.8
0.970	177.7
1.093	247.9
0.956	086.5
1.042	286.6
1.000	000.0
0.970	353.6
0.985	359.9
1.000	000.0
0.985	175.7
0.985	260.6
1.347	334.1
0.985	357.8
1.000	180.0
2.070	220.9
1.091	205.1
0.947	184.1
1.000	200.4
1.000	280.2
0.985	091.2
1.213	313.1
1.093	338.9
1.093	063.7
1.000	003.2
1.000	176.8
1.093	239.6
1.000	349.8
0.985	091.2
0.978	043.3
0.687	279.6
1.026	159.9
1.134	216.1
0.942	355.4
0.985	268.8
1.195	145.9
0.985	279.0
1.077	112.0
1.093	091.8
1.093	112.1
0.970	184.1
0.970	353.6
1.093	237.7
1.118	124.9
0.970	169.4
0.666	273.1
0.666	097.3
1.118	307.2
1.249	105.5
0.767	044.5
1.268	341.0
1.101	319.8
1.249	256.3
1.093	247.9
1.058	017.8
1.077	332.6
1.118	124.9
0.985	084.7
0.666	097.3
0.956	086.5
0.676	188.4
0.970	169.4
0.687	279.6
1.061	241.4
1.061	065.5
1.026	195.4
1.042	286.6
1.182	142.7
0.970	167.5
0.956	096.7
1.026	011.3
0.985	268.8
0.956	262.4
0.970	353.6
0.970	177.7
0.656	357.8
0.956	078.3
0.676	188.4
0.666	097.3
1.118	124.9
0.656	182.0
0.656	006.1
1.101	033.8
1.045	150.3
1.011	096.0
1.061	065.5
1.222	012.8
0.956	262.4
0.956	086.5
0.970	177.7
0.942	347.1
0.942	171.2
0.666	097.3
0.647	274.9
0.656	006.1
1.085	302.6
1.101	033.8
0.996	004.9
0.996	189.0
0.996	013.1
1.011	104.3
0.928	080.1
0.928	264.2
0.942	171.2
0.942	355.4
0.656	006.1
0.956	086.5
0.996	013.1
0.928	080.1
0.928	264.2
0.647	274.9
0.942	355.4
1.000	353.0
1.000	007.0
1.000	210.6
1.077	290.0
1.154	222.9
1.195	311.6
1.077	156.7
1.134	216.1
1.223	147.7
1.264	118.0
1.101	025.5
1.101	209.6
1.268	156.9
1.101	209.6
