0.997	345.4
1.000	000.0
0.997	059.5
1.023	019.6
0.994	330.8
1.038	322.0
0.992	316.1
1.020	005.0
1.000	000.0
0.994	044.8
0.997	254.5
1.000	000.0
0.997	328.6
0.997	133.5
1.123	264.9
0.997	256.2
1.000	180.0
1.699	101.4
1.042	309.4
0.989	285.9
1.000	201.9
1.000	280.9
0.997	014.6
1.080	241.5
1.038	231.1
1.038	036.0
1.000	002.5
1.000	177.5
1.038	110.1
1.000	349.1
0.997	014.6
0.996	338.1
0.940	075.1
1.018	311.2
1.038	219.5
0.989	301.5
0.997	345.4
1.077	294.8
0.997	356.3
1.035	292.6
1.038	016.2
1.038	038.1
0.994	285.9
0.994	044.8
1.038	311.0
1.035	204.8
0.994	118.9
0.935	119.9
0.935	045.9
1.035	234.1
1.071	251.8
0.973	279.9
1.073	064.3
1.032	214.6
1.071	004.8
1.038	322.0
1.023	019.6
1.035	021.4
1.035	204.8
0.997	059.5
0.935	045.9
0.992	316.1
0.938	060.5
0.994	118.9
0.940	075.1
1.032	006.8
1.032	292.7
1.018	350.3
1.020	005.0
1.059	224.4
0.994	319.8
0.992	327.1
1.018	064.4
0.997	345.4
0.992	030.2
0.994	044.8
0.994	330.8
0.932	179.4
0.992	104.3
0.938	060.5
0.935	045.9
1.035	204.8
0.932	105.3
0.932	031.2
1.032	190.2
1.029	352.2
1.015	123.9
1.032	292.7
1.074	166.8
0.992	030.2
0.992	316.1
0.994	330.8
0.989	089.7
0.989	015.6
0.935	045.9
0.930	016.6
0.932	031.2
1.029	175.6
1.032	190.2
1.012	109.3
1.012	035.2
1.012	321.1
1.015	335.7
0.986	001.0
0.986	286.9
0.989	015.6
0.989	301.5
0.932	031.2
0.992	316.1
1.012	321.1
0.986	001.0
0.986	286.9
0.930	016.6
0.989	301.5
1.000	351.6
1.000	008.4
1.000	212.8
1.035	114.3
1.067	328.9
1.077	358.0
1.035	307.3
1.038	219.5
1.087	077.2
1.102	264.3
1.032	338.4
1.032	264.3
1.073	138.4
1.032	264.3
