1.030	286.8
1.000	000.0
1.030	094.7
0.911	016.2
1.062	213.5
0.855	267.4
1.094	140.3
0.939	303.0
1.000	000.0
1.062	021.4
1.030	044.4
1.000	000.0
1.030	212.3
1.030	262.6
0.588	311.4
1.030	349.2
1.000	180.0
1.502	220.2
0.874	211.5
1.105	192.1
1.000	200.4
1.000	280.2
1.030	073.2
0.709	292.0
0.855	025.0
0.855	075.3
1.000	003.3
1.000	176.7
0.855	243.2
1.000	349.8
1.030	073.2
1.046	250.1
0.928	307.8
0.967	197.3
0.794	211.6
1.127	067.0
1.030	286.8
0.731	185.0
1.030	297.0
0.881	137.0
0.855	072.2
0.855	092.6
1.062	192.1
1.062	021.4
0.855	257.2
0.818	138.3
1.062	189.3
0.985	329.2
0.985	161.3
0.818	284.8
0.669	150.4
0.759	086.1
0.649	349.9
0.843	316.3
0.669	255.2
0.855	267.4
0.911	016.2
0.881	002.1
0.818	138.3
1.030	094.7
0.985	161.3
1.094	140.3
0.956	234.5
1.062	189.3
0.928	307.8
0.908	288.8
0.908	120.9
0.967	229.7
0.939	303.0
0.745	154.5
1.062	203.3
1.094	150.5
0.967	037.6
1.030	286.8
1.094	308.2
1.062	021.4
1.062	213.5
1.015	063.9
1.094	116.1
0.956	234.5
0.985	161.3
0.818	138.3
1.015	255.9
1.015	088.0
0.843	065.1
0.935	215.6
0.997	132.3
0.908	120.9
0.699	045.7
1.094	308.2
1.094	140.3
1.062	213.5
1.127	042.9
1.127	235.0
0.985	161.3
1.046	014.8
1.015	088.0
0.868	351.9
0.843	065.1
1.027	059.1
1.027	251.2
1.027	083.2
0.997	156.5
1.161	161.7
1.161	353.8
1.127	235.0
1.127	067.0
1.015	088.0
1.094	140.3
1.027	083.2
1.161	161.7
1.161	353.8
1.046	014.8
1.127	067.0
1.000	353.0
1.000	007.0
1.000	210.7
0.881	261.8
0.796	227.7
0.731	342.7
0.881	194.1
0.794	211.6
0.709	125.0
0.666	158.6
0.843	040.9
0.843	233.0
0.649	157.8
0.843	233.0
