1.029	302.8
1.000	000.0
1.029	102.7
0.918	003.7
1.058	245.5
0.866	302.5
1.088	188.3
0.944	306.5
1.000	000.0
1.058	045.5
1.029	086.9
1.000	000.0
1.029	246.9
1.029	262.7
0.614	238.1
1.029	338.6
1.000	180.0
1.040	200.5
0.885	200.3
1.098	200.0
1.000	200.5
1.000	280.3
1.029	057.2
0.730	237.8
0.866	086.6
0.866	102.4
1.000	003.3
1.000	176.7
0.866	262.4
1.000	349.8
1.029	057.2
1.043	094.1
1.139	330.9
0.971	241.8
0.806	188.3
1.119	131.0
1.029	302.8
0.750	255.2
1.029	313.0
0.891	144.5
0.866	037.0
0.866	057.5
1.058	200.0
1.058	045.5
0.866	292.2
0.829	131.0
1.058	205.4
1.205	016.4
1.205	216.4
0.829	245.5
0.687	229.0
0.944	101.9
0.668	319.3
0.852	331.7
0.687	216.6
0.866	302.5
0.918	003.7
0.891	045.2
0.829	131.0
1.029	102.7
1.205	216.4
1.088	188.3
1.171	273.7
1.058	205.4
1.139	330.9
0.916	347.9
0.916	188.0
0.971	249.2
0.944	306.5
0.761	134.7
1.058	235.3
1.088	198.5
0.971	049.2
1.029	302.8
1.088	348.2
1.058	045.5
1.058	245.5
1.239	119.1
1.088	148.2
1.171	273.7
1.205	216.4
0.829	131.0
1.239	319.1
1.239	159.2
0.852	073.8
0.943	290.7
0.999	151.9
0.916	188.0
0.718	073.5
1.088	348.2
1.088	188.3
1.058	245.5
1.119	091.0
1.119	291.0
1.205	216.4
1.275	101.9
1.239	159.2
0.877	016.5
0.852	073.8
1.027	094.7
1.027	294.7
1.027	134.7
0.999	192.0
1.151	233.8
1.151	073.8
1.119	291.0
1.119	131.0
1.239	159.2
1.088	188.3
1.027	134.7
1.151	233.8
1.151	073.8
1.275	101.9
1.119	131.0
1.000	353.1
1.000	006.9
1.000	210.8
0.891	216.1
0.812	204.0
0.750	044.9
0.891	245.2
0.806	188.3
0.730	065.0
0.689	241.2
0.852	033.7
0.852	233.7
0.668	119.2
0.852	233.7
