1.010	086.0
1.000	000.0
1.010	071.4
0.984	019.5
1.020	172.1
0.974	062.4
1.030	258.1
0.994	105.6
1.000	000.0
1.020	157.4
1.010	184.7
1.000	000.0
1.010	170.0
1.010	056.8
0.907	165.0
1.010	167.4
1.000	180.0
0.936	016.2
0.985	038.3
1.032	014.6
1.000	201.4
1.000	280.7
1.010	274.0
0.940	141.3
0.974	161.0
0.974	047.7
1.000	002.8
1.000	177.2
0.974	033.1
1.000	349.3
1.010	274.0
1.015	309.1
1.230	275.5
1.004	152.5
0.941	218.9
1.040	344.2
1.010	086.0
0.949	135.4
1.010	096.7
0.984	122.3
0.974	276.3
0.974	297.6
1.020	014.6
1.020	157.4
0.974	051.7
0.950	304.9
1.020	142.8
1.255	072.9
1.255	087.5
0.950	132.9
0.903	094.3
1.169	220.4
0.894	163.8
0.959	126.5
0.903	092.4
0.974	062.4
0.984	019.5
0.984	133.8
0.950	304.9
1.010	071.4
1.255	087.5
1.030	258.1
1.242	001.5
1.020	142.8
1.230	275.5
0.994	219.8
0.994	234.4
1.004	191.6
0.994	105.6
0.935	324.5
1.020	161.4
1.030	268.8
1.004	177.0
1.010	086.0
1.030	243.5
1.020	157.4
1.020	172.1
1.267	144.3
1.030	228.8
1.242	001.5
1.255	087.5
0.950	304.9
1.267	158.9
1.267	173.6
0.959	031.0
1.003	305.8
1.013	248.4
0.994	234.4
0.926	007.3
1.030	243.5
1.030	258.1
1.020	172.1
1.040	314.9
1.040	329.5
1.255	087.5
1.279	259.6
1.267	173.6
0.969	117.0
0.959	031.0
1.023	334.4
1.023	349.0
1.023	003.7
1.013	277.7
1.050	055.6
1.050	070.2
1.040	329.5
1.040	344.2
1.267	173.6
1.030	258.1
1.023	003.7
1.050	055.6
1.050	070.2
1.279	259.6
1.040	344.2
1.000	352.1
1.000	007.9
1.000	212.1
0.984	285.1
0.970	057.9
0.949	110.1
0.984	148.4
0.941	218.9
0.944	336.7
0.934	105.2
0.959	001.7
0.959	016.3
0.894	149.2
0.959	016.3
