0.994	219.9
1.000	000.0
0.994	100.6
1.032	002.0
0.989	079.8
1.051	221.6
0.983	299.7
1.026	221.9
1.000	000.0
0.989	320.5
0.994	201.2
1.000	000.0
0.994	081.9
0.994	341.4
1.174	315.0
0.994	058.6
1.000	180.0
1.290	239.2
1.054	117.6
0.979	119.3
1.000	201.0
1.000	280.5
0.994	140.1
1.111	316.7
1.051	202.9
1.051	102.3
1.000	003.1
1.000	176.9
1.051	343.1
1.000	349.5
0.994	140.1
0.992	329.8
1.160	146.6
1.020	077.8
1.060	183.7
0.978	159.6
0.994	219.9
1.104	093.7
0.994	230.4
1.045	339.6
1.051	117.4
1.051	138.4
0.989	119.3
0.989	320.5
1.051	211.1
1.054	043.6
0.989	201.3
1.147	107.2
1.147	226.4
1.054	323.8
1.110	072.4
1.222	190.2
1.116	227.3
1.048	057.1
1.110	126.6
1.051	221.6
1.032	002.0
1.045	322.2
1.054	043.6
0.994	100.6
1.147	226.4
0.983	299.7
1.153	006.5
0.989	201.3
1.160	146.6
1.039	182.1
1.039	301.4
1.020	081.8
1.026	221.9
1.087	045.6
0.989	069.3
0.983	310.2
1.020	322.5
0.994	219.9
0.983	180.4
0.989	320.5
0.989	079.8
1.141	207.8
0.983	061.2
1.153	006.5
1.147	226.4
1.054	043.6
1.141	327.1
1.141	086.3
1.048	263.5
1.033	042.0
1.014	063.2
1.039	301.4
1.107	265.2
0.983	180.4
0.983	299.7
0.989	079.8
0.978	281.1
0.978	040.3
1.147	226.4
1.134	306.2
1.141	086.3
1.042	123.4
1.048	263.5
1.009	283.1
1.009	042.3
1.009	161.6
1.014	301.7
0.972	260.2
0.972	019.5
0.978	040.3
0.978	159.6
1.141	086.3
0.983	299.7
1.009	161.6
0.972	260.2
0.972	019.5
1.134	306.2
0.978	159.6
1.000	352.6
1.000	007.4
1.000	211.6
1.045	017.0
1.087	119.6
1.104	324.0
1.045	081.5
1.060	183.7
1.118	142.4
1.139	081.2
1.048	024.9
1.048	144.2
1.116	108.0
1.048	144.2
