1.007	119.1
1.000	000.0
1.007	088.6
0.993	001.8
1.014	238.3
0.989	121.4
1.021	357.4
1.000	121.0
1.000	000.0
1.014	207.7
1.007	270.9
1.000	000.0
1.007	240.4
1.007	058.0
0.955	054.0
1.007	147.4
1.000	180.0
1.814	338.4
0.999	028.3
1.022	030.5
1.000	201.5
1.000	280.8
1.007	240.9
0.972	056.3
0.989	273.2
0.989	090.9
1.000	002.8
1.000	177.2
0.989	060.3
1.000	349.3
1.007	240.9
1.010	358.7
0.816	319.4
1.007	236.4
0.962	183.7
1.028	116.6
1.007	119.1
0.979	253.6
1.007	129.9
0.996	149.5
0.989	217.1
0.989	238.6
1.014	030.5
1.014	207.7
0.989	110.7
0.969	302.9
1.014	177.2
0.828	167.1
0.828	197.6
0.969	064.6
0.939	230.8
0.791	262.2
0.933	126.6
0.976	145.7
0.939	038.0
0.989	121.4
0.993	001.8
0.996	210.0
0.969	302.9
1.007	088.6
0.828	197.6
1.021	357.4
0.822	078.5
1.014	177.2
0.816	319.4
1.003	329.2
1.003	359.7
1.007	240.1
1.000	121.0
0.963	304.7
1.014	227.5
1.021	008.2
1.007	209.6
1.007	119.1
1.021	326.9
1.014	207.7
1.014	238.3
0.834	255.7
1.021	296.3
0.822	078.5
0.828	197.6
0.969	302.9
0.834	286.2
0.834	316.8
0.976	062.0
1.010	088.3
1.014	298.2
1.003	359.7
0.959	064.3
1.021	326.9
1.021	357.4
1.014	238.3
1.028	055.5
1.028	086.0
0.828	197.6
0.839	075.9
0.834	316.8
0.982	181.2
0.976	062.0
1.021	057.3
1.021	087.9
1.021	118.4
1.014	359.3
1.035	205.2
1.035	235.7
1.028	086.0
1.028	116.6
0.834	316.8
1.021	357.4
1.021	118.4
1.035	205.2
1.035	235.7
0.839	075.9
1.028	116.6
1.000	352.1
1.000	007.9
1.000	212.2
0.996	205.9
0.993	030.1
0.979	212.3
0.996	240.6
0.962	183.7
0.976	242.3
0.972	241.0
0.976	000.9
0.976	031.5
0.933	096.1
0.976	031.5
