1.019	018.7
1.000	000.0
1.019	076.8
0.954	002.7
1.038	037.3
0.925	020.0
1.057	056.0
0.972	021.4
1.000	000.0
1.038	095.5
1.019	341.0
1.000	000.0
1.019	039.2
1.019	135.0
0.762	157.2
1.019	236.3
1.000	180.0
1.660	088.1
0.940	300.5
1.064	301.8
1.000	202.0
1.000	281.0
1.019	341.3
0.840	158.6
0.925	342.4
0.925	078.2
1.000	002.6
1.000	177.4
0.925	136.4
1.000	349.0
1.019	341.3
1.028	028.0
0.877	150.5
0.990	034.6
0.874	186.0
1.077	074.6
1.019	018.7
0.855	051.1
1.019	029.7
0.942	321.0
0.925	318.0
0.925	340.0
1.038	301.8
1.038	095.5
0.925	009.0
0.891	204.6
1.038	153.7
0.911	245.9
0.911	187.8
0.891	167.3
0.793	025.4
0.782	355.1
0.779	030.6
0.907	232.2
0.793	313.7
0.925	020.0
0.954	002.7
0.942	096.9
0.891	204.6
1.019	076.8
0.911	187.8
1.057	056.0
0.894	169.1
1.038	153.7
0.877	150.5
0.960	115.5
0.960	057.4
0.990	040.0
0.972	021.4
0.849	207.3
1.038	026.3
1.057	067.0
0.990	098.2
1.019	018.7
1.057	114.2
1.038	095.5
1.038	037.3
0.928	322.8
1.057	172.3
0.894	169.1
0.911	187.8
0.891	204.6
0.928	264.6
0.928	206.4
0.907	223.3
0.978	134.2
1.008	175.1
0.960	057.4
0.824	224.7
1.057	114.2
1.057	056.0
1.038	037.3
1.077	191.0
1.077	132.8
0.911	187.8
0.945	225.1
0.928	206.4
0.924	241.9
0.907	223.3
1.027	193.7
1.027	135.5
1.027	077.3
1.008	058.7
1.097	151.5
1.097	093.3
1.077	132.8
1.077	074.6
0.928	206.4
1.057	056.0
1.027	077.3
1.097	151.5
1.097	093.3
0.945	225.1
1.077	074.6
1.000	351.6
1.000	008.4
1.000	213.0
0.942	036.3
0.897	303.2
0.855	098.2
0.942	038.7
0.874	186.0
0.841	345.4
0.816	037.4
0.907	339.6
0.907	281.5
0.779	088.8
0.907	281.5
