1.021	186.5
1.000	000.0
1.021	083.1
0.945	018.4
1.043	013.0
0.911	164.1
1.065	199.5
0.965	204.9
1.000	000.0
1.043	269.6
1.021	114.6
1.000	000.0
1.021	011.2
1.021	339.8
0.724	060.7
1.021	078.4
1.000	180.0
1.044	318.6
0.926	125.8
1.072	103.4
1.000	200.9
1.000	280.5
1.021	173.5
0.812	038.3
0.911	092.2
0.911	060.7
1.000	003.0
1.000	177.0
0.911	317.4
1.000	349.6
1.021	173.5
1.032	279.7
1.162	118.0
0.986	354.6
0.857	216.2
1.088	026.0
1.021	186.5
0.829	338.6
1.021	197.0
0.930	310.5
0.911	175.0
0.911	195.9
1.043	103.4
1.043	269.6
0.911	153.6
0.875	042.7
1.043	166.3
1.212	027.7
1.212	131.0
0.875	029.7
0.766	300.6
1.017	160.7
0.750	258.9
0.894	040.4
0.766	175.8
0.911	164.1
0.945	018.4
0.930	247.2
0.875	042.7
1.021	083.1
1.212	131.0
1.065	199.5
1.186	304.5
1.043	166.3
1.162	118.0
0.950	073.7
0.950	177.1
0.986	031.4
0.965	204.9
0.827	061.1
1.043	002.5
1.065	210.0
0.986	288.1
1.021	186.5
1.065	096.1
1.043	269.6
1.043	013.0
1.237	110.8
1.065	352.8
1.186	304.5
1.212	131.0
0.875	042.7
1.237	214.2
1.237	317.6
0.894	229.2
0.970	260.2
1.006	011.2
0.950	177.1
0.797	206.8
1.065	096.1
1.065	199.5
1.043	013.0
1.088	179.3
1.088	282.6
1.212	131.0
1.264	144.1
1.237	317.6
0.912	055.7
0.894	229.2
1.028	197.7
1.028	301.1
1.028	044.4
1.006	217.9
1.111	109.1
1.111	212.5
1.088	282.6
1.088	026.0
1.237	317.6
1.065	199.5
1.028	044.4
1.111	109.1
1.111	212.5
1.264	144.1
1.088	026.0
1.000	352.6
1.000	007.4
1.000	211.3
0.930	094.3
0.876	144.2
0.829	224.8
0.930	350.6
0.857	216.2
0.813	232.7
0.784	309.8
0.894	022.5
0.894	125.8
0.750	155.5
0.894	125.8
