1.036	002.5
1.000	000.0
1.036	068.6
0.888	014.0
1.074	005.0
0.817	346.8
1.112	007.5
0.920	016.5
1.000	000.0
1.074	071.1
1.036	298.2
1.000	000.0
1.036	004.4
1.036	134.7
0.508	224.6
1.036	246.8
1.000	180.0
1.535	096.5
0.838	309.6
1.125	293.9
1.000	201.9
1.000	281.0
1.036	357.5
0.644	208.9
0.817	282.5
0.817	052.9
1.000	002.6
1.000	177.5
0.817	119.0
1.000	349.0
1.036	357.5
1.055	183.7
0.884	112.4
0.954	351.0
0.756	207.4
1.153	010.0
1.036	002.5
0.668	344.6
1.036	013.5
0.847	311.4
0.817	351.3
0.817	013.2
1.074	293.9
1.074	071.1
0.817	335.8
0.783	209.9
1.074	137.2
0.949	183.5
0.949	117.4
0.783	205.0
0.614	310.1
0.692	322.3
0.592	057.4
0.812	218.7
0.614	348.8
0.817	346.8
0.888	014.0
0.847	055.4
0.783	209.9
1.036	068.6
0.949	117.4
1.112	007.5
0.916	114.9
1.074	137.2
0.884	112.4
0.877	057.9
0.877	351.8
0.954	019.0
0.920	016.5
0.696	224.0
1.074	354.0
1.112	018.5
0.954	085.1
1.036	002.5
1.112	073.6
1.074	071.1
1.074	005.0
0.983	252.1
1.112	139.7
0.916	114.9
0.949	117.4
0.783	209.9
0.983	186.0
0.983	119.9
0.812	212.4
0.909	060.4
0.988	153.7
0.877	351.8
0.640	196.7
1.112	073.6
1.112	007.5
1.074	005.0
1.153	142.2
1.153	076.1
0.949	117.4
1.019	122.4
0.983	119.9
0.841	214.9
0.812	212.4
1.024	156.2
1.024	090.1
1.024	024.0
0.988	021.5
1.194	078.6
1.194	012.5
1.153	076.1
1.153	010.0
0.983	119.9
1.112	007.5
1.024	024.0
1.194	078.6
1.194	012.5
1.019	122.4
1.153	010.0
1.000	351.6
1.000	008.4
1.000	212.9
0.847	080.0
0.744	323.6
0.668	039.7
0.847	349.3
0.756	207.4
0.645	041.2
0.593	319.6
0.812	344.7
0.812	278.6
0.592	123.5
0.812	278.6
