1.035	202.6
1.000	000.0
1.035	091.3
0.892	006.7
1.072	045.2
0.823	198.0
1.109	247.8
0.923	209.3
1.000	000.0
1.072	293.9
1.035	157.3
1.000	000.0
1.035	046.0
1.035	340.0
0.521	351.2
1.035	067.9
1.000	180.0
0.742	265.6
0.844	115.9
1.122	111.3
1.000	201.0
1.000	280.5
1.035	157.4
0.655	346.6
0.823	152.7
0.823	086.7
1.000	003.1
1.000	177.0
0.823	335.3
1.000	349.5
1.035	157.4
1.053	123.9
1.199	131.8
0.956	038.5
0.762	194.1
1.148	090.4
1.035	202.6
0.678	046.5
1.035	213.1
0.852	319.3
0.823	141.0
0.823	162.0
1.072	111.3
1.072	293.9
0.823	187.5
0.789	036.7
1.072	182.6
1.285	065.6
1.285	177.0
0.789	351.5
0.623	017.1
0.946	168.4
0.601	230.7
0.817	054.6
0.623	139.5
0.823	198.0
0.892	006.7
0.852	289.3
0.789	036.7
1.035	091.3
1.285	177.0
1.109	247.8
1.241	334.4
1.072	182.6
1.199	131.8
0.882	131.9
0.882	243.2
0.956	051.9
0.923	209.3
0.704	043.4
1.072	034.7
1.109	258.3
0.956	300.6
1.035	202.6
1.109	136.5
1.072	293.9
1.072	045.2
1.330	156.9
1.109	025.2
1.241	334.4
1.285	177.0
0.789	036.7
1.330	268.2
1.330	019.6
0.817	239.3
0.913	334.5
0.990	031.9
0.882	243.2
0.650	234.7
1.109	136.5
1.109	247.8
1.072	045.2
1.148	227.8
1.148	339.1
1.285	177.0
1.377	222.2
1.330	019.6
0.845	081.9
0.817	239.3
1.024	234.5
1.024	345.8
1.024	097.1
0.990	254.5
1.189	181.7
1.189	293.0
1.148	339.1
1.148	090.4
1.330	019.6
1.109	247.8
1.024	097.1
1.189	181.7
1.189	293.0
1.377	222.2
1.148	090.4
1.000	352.6
1.000	007.4
1.000	211.5
0.852	049.9
0.753	122.6
0.678	284.7
0.852	040.6
0.762	194.1
0.655	175.4
0.605	029.3
0.817	016.6
0.817	128.0
0.601	119.4
0.817	128.0
