1.038	102.5
1.000	000.0
1.038	080.0
0.882	010.3
1.077	205.1
0.806	092.5
1.118	307.6
0.915	112.9
1.000	000.0
1.077	182.5
1.038	227.8
1.000	000.0
1.038	205.2
1.038	057.4
0.486	107.7
1.038	157.3
1.000	180.0
1.173	348.3
0.827	032.7
1.131	022.6
1.000	201.4
1.000	280.7
1.038	257.5
0.626	097.6
0.806	217.7
0.806	069.9
1.000	002.8
1.000	177.2
0.806	047.3
1.000	349.3
1.038	257.5
1.057	153.8
1.059	296.4
0.949	194.8
0.746	200.7
1.160	050.2
1.038	102.5
0.649	195.6
1.038	113.3
0.836	135.3
0.806	246.1
0.806	267.5
1.077	022.6
1.077	182.5
0.806	081.7
0.774	303.3
1.077	159.9
1.140	118.9
1.140	141.4
0.774	098.2
0.599	163.7
0.819	239.6
0.577	144.0
0.803	136.7
0.599	064.0
0.806	092.5
0.882	010.3
0.836	172.4
0.774	303.3
1.038	080.0
1.140	141.4
1.118	307.6
1.099	038.9
1.077	159.9
1.059	296.4
0.868	274.9
0.868	297.5
0.949	215.4
0.915	112.9
0.682	313.6
1.077	194.4
1.118	318.3
0.949	192.8
1.038	102.5
1.118	285.0
1.077	182.5
1.077	205.1
1.183	198.8
1.118	262.4
1.099	038.9
1.140	141.4
0.774	303.3
1.183	221.4
1.183	244.0
0.803	045.8
0.901	017.5
0.985	272.8
0.868	297.5
0.624	035.7
1.118	285.0
1.118	307.6
1.077	205.1
1.160	005.0
1.160	027.6
1.140	141.4
1.228	346.5
1.183	244.0
0.834	148.3
0.803	045.8
1.022	015.3
1.022	037.9
1.022	060.5
0.985	317.9
1.204	130.1
1.204	152.7
1.160	027.6
1.160	050.2
1.183	244.0
1.118	307.6
1.022	060.5
1.204	130.1
1.204	152.7
1.228	346.5
1.160	050.2
1.000	352.1
1.000	007.9
1.000	212.2
0.836	244.9
0.729	043.0
0.649	162.3
0.836	195.0
0.746	200.7
0.626	288.2
0.572	174.6
0.803	000.6
0.803	023.2
0.577	121.4
0.803	023.2
