0.966	139.1
1.000	000.0
0.966	100.6
1.106	007.8
0.933	278.1
1.172	132.5
0.902	057.2
1.068	146.8
1.000	000.0
0.933	239.6
0.966	317.5
1.000	000.0
0.966	279.0
0.966	062.1
1.723	060.5
0.966	140.7
1.000	180.0
2.212	343.8
1.156	045.0
0.881	038.5
1.000	201.6
1.000	280.8
0.966	220.9
1.421	054.0
1.172	310.9
1.172	094.0
1.000	002.9
1.000	177.1
1.172	055.5
1.000	349.2
0.966	220.9
0.950	208.6
0.626	347.4
1.032	270.4
1.291	195.1
0.871	196.2
0.966	139.1
1.373	275.9
0.966	149.9
1.132	184.9
1.172	205.9
1.172	227.5
0.933	038.5
0.933	239.6
1.172	121.7
1.247	334.2
0.933	201.1
0.585	227.0
0.585	265.5
1.247	056.1
1.555	247.8
0.781	321.6
1.610	169.3
1.205	126.4
1.555	068.8
1.172	132.5
1.106	007.8
1.132	233.1
1.247	334.2
0.966	100.6
0.585	265.5
0.902	057.2
0.605	126.5
0.933	201.1
0.626	347.4
1.094	012.2
1.094	050.7
1.032	285.9
1.068	146.8
1.379	342.0
0.933	267.3
0.902	068.0
1.032	247.4
0.966	139.1
0.902	018.7
0.933	239.6
0.933	278.1
0.565	327.6
0.902	340.2
0.605	126.5
0.585	265.5
1.247	334.2
0.565	006.1
0.565	044.6
1.205	113.3
1.057	151.2
0.997	347.9
1.094	050.7
1.461	106.7
0.902	018.7
0.902	057.2
0.933	278.1
0.871	119.2
0.871	157.7
0.585	265.5
0.546	183.6
0.565	044.6
1.164	252.3
1.205	113.3
0.964	127.0
0.964	165.5
0.964	204.0
0.997	064.9
0.842	296.8
0.842	335.3
0.871	157.7
0.871	196.2
0.565	044.6
0.902	057.2
0.964	204.0
0.842	296.8
0.842	335.3
0.546	183.6
0.871	196.2
1.000	352.1
1.000	007.9
1.000	212.4
1.132	188.1
1.279	052.8
1.373	226.6
1.132	271.6
1.291	195.1
1.432	243.0
1.518	257.3
1.205	036.3
1.205	074.8
1.610	130.8
1.205	074.8
