0.983	320.9
1.000	000.0
0.983	112.9
1.064	003.0
0.966	281.8
1.104	320.9
0.949	242.6
1.046	323.9
1.000	000.0
0.966	073.8
0.983	131.6
1.000	000.0
0.983	283.6
0.983	264.9
1.394	219.1
0.983	330.1
1.000	180.0
1.036	183.9
1.100	208.0
0.938	208.0
1.000	200.6
1.000	280.3
0.983	039.1
1.240	219.1
1.104	131.7
1.104	112.9
1.000	003.3
1.000	176.7
1.104	264.9
1.000	349.7
0.983	039.1
0.974	301.3
1.282	354.6
1.028	278.7
1.154	185.5
0.932	203.5
0.983	320.9
1.219	292.1
0.983	331.2
1.085	170.8
1.104	018.5
1.104	039.1
0.966	208.0
0.966	073.8
1.104	310.6
1.134	146.4
0.966	225.8
1.238	068.4
1.238	276.4
1.134	224.6
1.287	270.7
1.455	141.0
1.310	331.9
1.115	326.5
1.287	219.0
1.104	320.9
1.064	003.0
1.085	073.8
1.134	146.4
0.983	112.9
1.238	276.4
0.949	242.6
1.260	315.5
0.966	225.8
1.282	354.6
1.066	034.6
1.066	242.6
1.028	284.8
1.046	323.9
1.207	149.4
0.966	271.5
0.949	252.9
1.028	076.8
0.983	320.9
0.949	034.6
0.966	073.8
0.966	281.8
1.217	181.3
0.949	186.6
1.260	315.5
1.238	276.4
1.134	146.4
1.217	029.3
1.217	237.3
1.115	107.3
1.048	355.5
1.010	189.7
1.066	242.6
1.252	107.3
0.949	034.6
0.949	242.6
0.966	281.8
0.932	147.5
0.932	355.5
1.238	276.4
1.196	198.2
1.217	237.3
1.095	068.2
1.115	107.3
0.992	150.6
0.992	358.6
0.992	206.6
1.010	245.7
0.916	316.4
0.916	164.4
0.932	355.5
0.932	203.5
1.217	237.3
0.949	242.6
0.992	206.6
0.916	316.4
0.916	164.4
1.196	198.2
0.932	203.5
1.000	353.1
1.000	006.9
1.000	210.8
1.085	189.2
1.171	211.0
1.219	073.8
1.085	281.8
1.154	185.5
1.251	045.2
1.297	278.7
1.115	051.3
1.115	259.3
1.310	123.9
1.115	259.3
