0.970	059.0
1.000	000.0
0.970	101.3
1.097	015.6
0.941	118.0
1.157	041.7
0.912	177.1
1.064	074.6
1.000	000.0
0.941	160.3
0.970	074.5
1.000	000.0
0.970	116.8
0.970	143.6
1.647	173.1
0.970	223.5
1.000	180.0
1.817	097.7
1.144	335.1
0.894	317.7
1.000	202.1
1.000	281.1
0.970	301.0
1.380	155.7
1.157	057.2
1.157	083.9
1.000	002.6
1.000	177.4
1.157	126.2
1.000	348.9
0.970	301.0
0.955	088.5
0.969	217.9
1.032	102.5
1.260	211.6
0.885	236.1
0.970	059.0
1.339	094.4
0.970	070.1
1.122	032.9
1.157	296.2
1.157	318.4
0.941	317.7
0.941	160.3
1.157	030.6
1.222	270.6
0.941	202.6
0.911	018.3
0.911	336.0
1.222	152.6
1.493	054.8
1.183	128.6
1.539	122.2
1.185	190.7
1.493	020.9
1.157	041.7
1.097	015.6
1.122	142.9
1.222	270.6
0.970	101.3
0.911	336.0
0.912	177.1
0.939	277.0
0.941	202.6
0.969	217.9
1.088	202.0
1.088	159.7
1.032	133.6
1.064	074.6
1.340	286.2
0.941	107.0
0.912	188.1
1.032	175.9
0.970	059.0
0.912	219.3
0.941	160.3
0.941	118.0
0.884	119.5
0.912	261.6
0.939	277.0
0.911	336.0
1.222	270.6
0.884	077.3
0.884	035.0
1.185	329.6
1.056	261.0
1.001	277.2
1.088	159.7
1.414	312.3
0.912	219.3
0.912	177.1
0.941	118.0
0.885	320.6
0.885	278.4
0.911	336.0
0.857	094.0
0.884	035.0
1.149	028.7
1.185	329.6
0.971	336.2
0.971	293.9
0.971	251.6
1.001	192.6
0.858	337.4
0.858	295.1
0.885	278.4
0.885	236.1
0.884	035.0
0.912	177.1
0.971	251.6
0.858	337.4
0.858	295.1
0.857	094.0
0.885	236.1
1.000	351.6
1.000	008.4
1.000	213.2
1.122	001.9
1.255	350.6
1.339	125.6
1.122	100.7
1.260	211.6
1.392	349.5
1.468	067.8
1.185	054.2
1.185	011.9
1.539	164.5
1.185	011.9
