0.973	037.7
1.000	000.0
0.973	087.9
1.090	005.7
0.946	075.3
1.145	034.2
0.921	113.0
1.060	043.3
1.000	000.0
0.946	125.5
0.973	026.6
1.000	000.0
0.973	076.8
0.973	138.1
1.588	152.8
0.973	228.8
1.000	180.0
1.880	090.2
1.135	313.3
0.904	309.8
1.000	202.0
1.000	281.0
0.973	322.3
1.348	149.3
1.145	023.1
1.145	084.4
1.000	002.6
1.000	177.4
1.145	134.6
1.000	349.0
0.973	322.3
0.959	236.5
0.913	188.4
1.031	069.7
1.235	190.8
0.896	150.6
0.973	037.7
1.312	079.4
0.973	048.7
1.114	352.4
1.145	303.8
1.145	325.8
0.946	309.8
0.946	125.5
1.145	023.2
1.202	228.4
0.946	175.8
0.864	314.0
0.864	263.7
1.202	153.1
1.445	053.8
1.097	056.8
1.485	059.2
1.169	219.4
1.445	331.3
1.145	034.2
1.090	005.7
1.114	122.1
1.202	228.4
0.973	087.9
0.864	263.7
0.921	113.0
0.888	226.1
0.946	175.8
0.913	188.4
1.084	159.7
1.084	109.5
1.031	081.0
1.060	043.3
1.310	234.1
0.946	064.3
0.921	124.0
1.031	131.2
0.973	037.7
0.921	163.2
0.946	125.5
0.946	075.3
0.840	041.8
0.921	213.4
0.888	226.1
0.864	263.7
1.202	228.4
0.840	351.6
0.840	301.4
1.169	266.1
1.054	197.4
1.003	219.1
1.084	109.5
1.377	262.6
0.921	163.2
0.921	113.0
0.946	075.3
0.896	251.1
0.896	200.9
0.864	263.7
0.817	339.0
0.840	301.4
1.137	303.8
1.169	266.1
0.976	256.7
0.976	206.5
0.976	156.3
1.003	118.7
0.871	238.5
0.871	188.3
0.896	200.9
0.896	150.6
0.840	301.4
0.921	113.0
0.976	156.3
0.871	238.5
0.871	188.3
0.817	339.0
0.896	150.6
1.000	351.6
1.000	008.4
1.000	213.1
1.114	014.6
1.237	318.9
1.312	118.6
1.114	071.8
1.235	190.8
1.360	337.2
1.429	062.7
1.169	006.5
1.169	316.3
1.485	109.4
1.169	316.3
