0.965	342.0
1.000	000.0
0.965	126.0
1.110	012.4
0.930	324.0
1.178	328.8
0.897	305.9
1.070	354.3
1.000	000.0
0.930	108.0
0.965	179.3
1.000	000.0
0.965	323.4
0.965	270.1
1.756	237.6
0.965	324.6
1.000	180.0
1.052	184.3
1.161	229.1
0.876	216.0
1.000	200.6
1.000	280.3
0.965	018.0
1.438	224.4
1.178	166.1
1.178	112.8
1.000	003.4
1.000	176.6
1.178	256.9
1.000	349.7
0.965	018.0
0.947	153.0
1.329	021.6
1.032	311.6
1.304	205.0
0.866	287.9
0.965	342.0
1.387	307.9
0.965	352.3
1.136	210.5
1.178	010.6
1.178	031.2
0.930	216.0
0.930	108.0
1.178	318.5
1.258	187.0
0.930	252.1
1.236	129.6
1.236	345.5
1.258	223.0
1.583	274.0
1.672	208.5
1.641	032.0
1.213	299.1
1.583	265.9
1.178	328.8
1.110	012.4
1.136	094.8
1.258	187.0
0.965	126.0
1.236	345.5
0.897	305.9
1.282	003.5
0.930	252.1
1.329	021.6
1.096	076.8
1.096	292.8
1.032	336.3
1.070	354.4
1.396	199.3
0.930	313.7
0.897	316.2
1.032	120.4
0.965	342.0
0.897	090.0
0.930	108.0
0.930	324.0
1.193	255.6
0.897	234.0
1.282	003.5
1.236	345.5
1.258	187.0
1.193	111.5
1.193	327.5
1.213	169.0
1.057	058.8
0.996	246.4
1.096	292.8
1.482	155.8
0.897	090.0
0.897	305.9
0.930	324.0
0.866	216.0
0.866	072.0
1.236	345.5
1.150	309.5
1.193	327.5
1.170	150.9
1.213	169.0
0.960	228.4
0.960	084.3
0.960	300.3
0.996	318.3
0.835	053.9
0.835	269.9
0.866	072.0
0.866	287.9
1.193	327.5
0.897	305.9
0.960	300.3
0.835	053.9
0.835	269.9
1.150	309.5
0.866	287.9
1.000	353.1
1.000	006.9
1.000	210.9
1.136	175.8
1.289	241.5
1.387	081.6
1.136	310.8
1.304	205.0
1.450	055.9
1.539	285.2
1.213	097.0
1.213	313.0
1.641	176.0
1.213	313.0
