0.963	240.5
1.000	000.0
0.963	113.3
1.112	010.0
0.928	121.0
1.183	230.7
0.894	001.5
1.072	250.6
1.000	000.0
0.928	353.8
0.963	248.4
1.000	000.0
0.963	121.1
0.963	346.0
1.783	329.0
0.963	052.6
1.000	180.0
1.594	242.6
1.165	137.1
0.872	127.2
1.000	201.1
1.000	280.6
0.963	119.5
1.452	319.2
1.183	238.5
1.183	103.4
1.000	003.1
1.000	176.9
1.183	336.2
1.000	349.5
0.963	119.5
0.945	180.8
1.122	168.9
1.032	111.0
1.315	200.0
0.861	242.0
0.963	240.5
1.399	111.9
0.963	251.1
1.139	017.7
1.183	108.2
1.183	129.3
0.928	127.2
0.928	353.8
1.183	220.1
1.267	080.5
0.928	226.5
1.041	162.7
1.041	289.9
1.267	319.5
1.605	080.9
1.421	249.5
1.666	280.6
1.220	032.7
1.605	167.3
1.183	230.7
1.112	010.0
1.139	343.9
1.267	080.5
0.963	113.3
1.041	289.9
0.894	001.5
1.081	049.4
0.928	226.5
1.122	168.9
1.097	224.4
1.097	351.7
1.032	131.1
1.072	250.6
1.409	090.6
0.928	110.5
0.894	012.1
1.032	003.8
0.963	240.5
0.894	234.3
0.928	353.8
0.928	121.0
1.003	276.0
0.894	107.0
1.081	049.4
1.041	289.9
1.267	080.5
1.003	043.2
1.003	170.4
1.220	321.0
1.057	104.9
0.994	117.1
1.097	351.7
1.498	311.2
0.894	234.3
0.894	001.5
0.928	121.0
0.861	347.5
0.861	114.8
1.041	289.9
0.966	050.9
1.003	170.4
1.175	201.5
1.220	321.0
0.958	357.6
0.958	124.8
0.958	252.1
0.994	011.6
0.829	355.3
0.829	122.5
0.861	114.8
0.861	242.0
1.003	170.4
0.894	001.5
0.958	252.1
0.829	355.3
0.829	122.5
0.966	050.9
0.861	242.0
1.000	352.6
1.000	007.4
1.000	211.7
1.139	002.0
1.297	147.1
1.399	334.1
1.139	111.2
1.315	200.0
1.464	149.5
1.556	091.3
1.220	066.6
1.220	193.8
1.666	153.4
1.220	193.8
