[StationInfo]
Type=C
Name=BOLIVAR ROADS
Latitude=29.343333
Longitude=-94.781333
[Constituents]
DatumControls.datum=-0.135000
DatumControls.FDir=306
DatumControls.EDir=116
DatumControls.L2Flag=0
DatumControls.HFlag=0
DatumControls.RotFlag=0
H=0.685000 0.184000 0.169000 0.995000 0.069000 0.917000 0.008000 0.053000 0.000000 0.028000 0.038000 0.000000 0.042000 0.086000 0.174000 0.034000 0.007000 0.016000 0.041000 0.000000 0.000000 0.000000 0.000000 0.000000 0.051000 0.210000 0.010000 0.006000 0.052000 0.242000 0.005000 0.012000 0.037000 0.046000 0.165000 0.005000 0.040000 0.000000 0.000000 0.000000 0.000000 0.000000 
kPrime=137.000000 125.099998 105.800003 286.100006 241.600006 280.399994 271.299988 333.000000 0.000000 217.800003 106.400002 0.000000 28.700001 157.899994 292.700012 165.300003 19.799999 13.300000 65.400002 0.000000 0.000000 0.000000 0.000000 0.000000 295.399994 268.100006 142.300003 329.399994 262.799988 283.200012 111.599998 354.899994 212.800003 317.200012 179.699997 30.299999 232.300003 0.000000 0.000000 0.000000 0.000000 0.000000 
[Offset]
MinBefFloodTime=0.150000 1
FloodTime=0.116667 1
MinBefEbbTime=-0.266667 1
EbbTime=-0.016667 1
FloodSpdRatio=1.000000 1
EbbSpdRatio=1.100000 1
MinBFloodSpd=0.100000 1
MinBFloodDir=213.000000 1
MaxFloodSpd=1.600000 1
MaxFloodDir=295.000000 1
MinBEbbSpd=0.000000 0
MinBEbbDir=0.000000 0
MaxEbbSpd=1.500000 1
MaxEbbDir=125.000000 1
