[StationInfo]
Type=C
Name=Texas Point, 1.7 miles SSE of
Latitude=29.650000
Longitude=-93.826667
[Constituents]
DatumControls.datum=0.016000
DatumControls.FDir=277
DatumControls.EDir=88
DatumControls.L2Flag=0
DatumControls.HFlag=0
DatumControls.RotFlag=0
H=0.607000 0.171000 0.134000 0.883000 0.077000 0.853000 0.012000 0.035000 0.017000 0.037000 0.000000 0.007000 0.000000 0.116000 0.064000 0.000000 0.000000 0.050000 0.068000 0.000000 0.000000 0.000000 0.000000 0.000000 0.000000 0.198000 0.000000 0.000000 0.061000 0.153000 0.028000 0.024000 0.053000 0.070000 0.138000 0.014000 0.033000 0.000000 0.000000 0.000000 0.000000 0.000000 
kPrime=128.800003 104.000000 102.000000 286.100006 236.800003 282.799988 276.000000 6.300000 303.799988 205.500000 0.000000 0.700000 0.000000 101.000000 286.299988 0.000000 0.000000 330.899994 208.699997 0.000000 0.000000 0.000000 0.000000 0.000000 0.000000 259.799988 0.000000 0.000000 223.899994 296.200012 198.800003 166.899994 174.300003 17.200001 143.600006 48.599998 217.000000 0.000000 0.000000 0.000000 0.000000 0.000000 
[Offset]
MinBefFloodTime=0.033333 1
FloodTime=-0.550000 1
MinBefEbbTime=-1.183333 1
EbbTime=-0.533333 1
FloodSpdRatio=0.800000 1
EbbSpdRatio=1.300000 1
MinBFloodSpd=0.000000 0
MinBFloodDir=0.000000 0
MaxFloodSpd=1.100000 1
MaxFloodDir=335.000000 1
MinBEbbSpd=0.000000 0
MinBEbbDir=0.000000 0
MaxEbbSpd=1.600000 1
MaxEbbDir=145.000000 1
