[StationInfo]
Type=C
Name=Craney Island Reach
Latitude=36.890500
Longitude=-76.335833
[Constituents]
DatumControls.datum=-0.175000
DatumControls.FDir=300
DatumControls.EDir=120
DatumControls.L2Flag=0
DatumControls.HFlag=0
DatumControls.RotFlag=2
H=0.978000 0.208000 0.243000 0.136000 0.072000 0.105000 0.014000 0.017000 0.010000 0.039000 0.056000 0.008000 0.049000 0.033000 0.012000 0.016000 0.045000 0.006000 0.019000 0.000000 0.000000 0.000000 0.000000 0.000000 0.006000 0.016000 0.021000 0.016000 0.006000 0.054000 0.004000 0.017000 0.019000 0.021000 0.047000 0.004000 0.014000 0.000000 0.000000 0.000000 0.000000 0.000000 0.095000 0.006000 0.029000 0.008000 0.019000 0.012000 0.008000 0.004000 0.004000 0.008000 0.010000 0.002000 0.016000 0.004000 0.002000 0.010000 0.025000 0.008000 0.006000 0.000000 0.000000 0.000000 0.000000 0.000000 0.006000 0.004000 0.012000 0.010000 0.006000 0.002000 0.004000 0.006000 0.008000 0.008000 0.012000 0.002000 0.004000 0.000000 0.000000 0.000000 0.000000 0.000000 
kPrime=243.399994 254.699997 218.600006 114.000000 4.100000 136.100006 258.100006 214.800003 337.500000 341.299988 213.000000 115.699997 191.699997 192.199997 115.900002 349.299988 152.699997 324.299988 75.699997 0.000000 0.000000 0.000000 0.000000 0.000000 152.300003 105.900002 218.699997 120.900002 195.000000 121.900002 112.900002 208.600006 319.000000 229.000000 262.299988 245.199997 21.000000 0.000000 0.000000 0.000000 0.000000 0.000000 210.000000 317.799988 216.399994 294.000000 14.000000 27.600000 276.899994 146.399994 345.399994 324.299988 182.800003 155.699997 265.399994 221.000000 318.100006 148.600006 297.000000 181.399994 135.100006 0.000000 0.000000 0.000000 0.000000 0.000000 335.299988 56.700001 305.700012 1.300000 107.599998 229.800003 60.700001 26.900000 181.399994 226.399994 143.100006 108.500000 355.000000 0.000000 0.000000 0.000000 0.000000 0.000000 
[Offset]
MinBefFloodTime=-1.450000 1
FloodTime=-1.133333 1
MinBefEbbTime=-1.600000 1
EbbTime=-1.650000 1
FloodSpdRatio=0.700000 1
EbbSpdRatio=0.600000 1
MinBFloodSpd=0.000000 0
MinBFloodDir=0.000000 0
MaxFloodSpd=0.600000 1
MaxFloodDir=184.000000 1
MinBEbbSpd=0.000000 0
MinBEbbDir=0.000000 0
MaxEbbSpd=0.700000 1
MaxEbbDir=9.000000 1
