[StationInfo]
Type=C
Name=Daniel Island Reach, Buoy '48'
Latitude=32.827167
Longitude=-79.928833
[Constituents]
DatumControls.datum=-0.217000
DatumControls.FDir=313
DatumControls.EDir=127
DatumControls.L2Flag=0
DatumControls.HFlag=0
DatumControls.RotFlag=0
H=1.843000 0.325000 0.396000 0.144000 0.190000 0.103000 0.056000 0.054000 0.000000 0.071000 0.069000 0.000000 0.063000 0.071000 0.004000 0.031000 0.031000 0.010000 0.013000 0.023000 0.000000 0.020000 0.014000 0.000000 0.004000 0.026000 0.031000 0.017000 0.003000 0.049000 0.014000 0.053000 0.064000 0.051000 0.088000 0.038000 0.060000 0.000000 0.000000 0.000000 0.000000 0.000000 
kPrime=152.399994 175.199997 143.199997 44.500000 162.899994 53.000000 348.700012 354.000000 0.000000 126.500000 135.199997 0.000000 176.800003 130.699997 36.000000 131.699997 351.500000 138.100006 49.799999 193.699997 0.000000 325.700012 161.199997 0.000000 56.599998 55.599998 158.300003 77.500000 61.400002 50.400002 195.300003 179.399994 137.699997 7.700000 177.399994 133.399994 157.699997 0.000000 0.000000 0.000000 0.000000 0.000000 
[Offset]
MinBefFloodTime=1.016667 1
FloodTime=1.483333 1
MinBefEbbTime=0.883333 1
EbbTime=0.916667 1
FloodSpdRatio=0.700000 1
EbbSpdRatio=0.700000 1
MinBFloodSpd=0.000000 0
MinBFloodDir=0.000000 0
MaxFloodSpd=1.200000 1
MaxFloodDir=6.000000 1
MinBEbbSpd=0.100000 1
MinBEbbDir=278.000000 1
MaxEbbSpd=1.300000 1
MaxEbbDir=182.000000 1
