[StationInfo]
Type=C
Name=Tongue Point, northwest of
Latitude=46.219167
Longitude=-123.766667
[Constituents]
DatumControls.datum=-0.300000
DatumControls.FDir=60
DatumControls.EDir=240
DatumControls.L2Flag=0
DatumControls.HFlag=0
DatumControls.RotFlag=0
H=2.265000 0.592000 0.457000 0.569000 0.154000 0.296000 0.079000 0.000000 0.000000 0.000000 0.089000 0.000000 0.000000 0.061000 0.013000 0.016000 0.000000 0.021000 0.023000 0.000000 0.000000 0.000000 0.000000 0.000000 0.011000 0.058000 0.035000 0.000000 0.000000 0.188000 0.000000 0.000000 0.064000 0.000000 0.161000 0.031000 0.000000 0.000000 0.000000 0.000000 0.000000 0.000000 
kPrime=301.799988 324.500000 289.000000 48.200001 57.900002 47.299999 344.500000 0.000000 0.000000 0.000000 290.700012 0.000000 0.000000 276.299988 49.099998 312.299988 0.000000 47.799999 48.599998 0.000000 0.000000 0.000000 0.000000 0.000000 46.900002 46.700001 324.899994 0.000000 0.000000 48.799999 0.000000 0.000000 314.500000 0.000000 323.899994 49.900002 0.000000 0.000000 0.000000 0.000000 0.000000 0.000000 
[Offset]
MinBefFloodTime=2.516667 1
FloodTime=1.150000 1
MinBefEbbTime=0.400000 1
EbbTime=0.766667 1
FloodSpdRatio=0.400000 1
EbbSpdRatio=0.900000 1
MinBFloodSpd=0.000000 0
MinBFloodDir=0.000000 0
MaxFloodSpd=0.800000 1
MaxFloodDir=77.000000 1
MinBEbbSpd=0.000000 0
MinBEbbDir=0.000000 0
MaxEbbSpd=2.400000 1
MaxEbbDir=249.000000 1
